G_01_L2_score,U_02_L2_score,U_03_L2_score,CF_01_L2_score,CF_02_L2_score,CF_04_L2_score,CF_05_L2_score,CF_06_L2_score,CF_07_L2_score,C_01_L2_score,C_02_L2_score,EF_01_L2_score,EF_02_L2_score,EF_03_L2_score,EF_05_L2_score,EF_06_L2_score,IT_03_L2_score,IT_04_L2_score,G_01_L2_score,U_02_L2_score,U_03_L2_score,CF_01_L2_score,CF_02_L2_score,CF_04_L2_score,CF_05_L2_score,CF_06_L2_score,CF_07_L2_score,C_01_L2_score,C_02_L2_score,EF_01_L2_score,EF_02_L2_score,EF_03_L2_score,EF_05_L2_score,EF_06_L2_score,IT_03_L2_score,IT_04_L2_score
0.0,0,0.7,0.536,2.0,0.25,0.632,0.355,0.536,0.851,0.4,0.52,1.042,0.875,0.385,0.0,0.7270000000000001,0.308,0.0,0,0.7,0.536,2.0,0.25,0.632,0.355,0.536,0.851,0.4,0.52,1.042,0.875,0.385,0.0,0.7270000000000001,0.308
0.0,0,0.1,0.33599999999999997,2.0,0.25,0.632,0.607,0.501,0.481,0.2,0.76,1.262,0.5,0.385,0.154,0.545,0.308,0.0,0,0.1,0.33599999999999997,2.0,0.25,0.632,0.607,0.501,0.481,0.2,0.76,1.262,0.5,0.385,0.154,0.545,0.308
0.0,0,0.7,0.513,2.0,0.85,0.843,0.474,0.746,0.851,0.4,0.92,0.40700000000000003,1.0,0.0,0.847,0.7270000000000001,1.0,0.0,0,0.7,0.513,2.0,0.85,0.843,0.474,0.746,0.851,0.4,0.92,0.40700000000000003,1.0,0.0,0.847,0.7270000000000001,1.0
0.5,0,0.7,0.458,2.0,1.0,0.843,0.5469999999999999,0.534,0.37,0.0,0.64,0.384,0.5,0.385,0.0,0.909,0.538,0.5,0,0.7,0.458,2.0,1.0,0.843,0.5469999999999999,0.534,0.37,0.0,0.64,0.384,0.5,0.385,0.0,0.909,0.538
0.0,0,0.7,0.258,2.0,0.35,0.632,0.163,0.534,0.40700000000000003,0.4,0.64,1.194,1.0,0.0,0.0,0.545,0.308,0.0,0,0.7,0.258,2.0,0.35,0.632,0.163,0.534,0.40700000000000003,0.4,0.64,1.194,1.0,0.0,0.0,0.545,0.308
0.5,0,0.1,0.43000000000000005,2.0,0.5,0.685,0.4,0.534,0.851,0.6000000000000001,0.72,1.047,0.875,0.77,0.6930000000000001,1.0,1.0,0.5,0,0.1,0.43000000000000005,2.0,0.5,0.685,0.4,0.534,0.851,0.6000000000000001,0.72,1.047,0.875,0.77,0.6930000000000001,1.0,1.0
0.0,0,0.7,0.381,2.0,0.15,0.632,0.508,0.534,0.851,0.6000000000000001,0.56,0.38699999999999996,1.0,1.0010000000000001,0.847,0.7270000000000001,0.46199999999999997,0.0,0,0.7,0.381,2.0,0.15,0.632,0.508,0.534,0.851,0.6000000000000001,0.56,0.38699999999999996,1.0,1.0010000000000001,0.847,0.7270000000000001,0.46199999999999997
0.0,0,0.7,0.647,0.8860000000000001,0.25,0.896,0.546,0.446,0.851,0.0,0.64,1.1829999999999998,1.0,0.385,0.154,0.909,1.0,0.0,0,0.7,0.647,0.8860000000000001,0.25,0.896,0.546,0.446,0.851,0.0,0.64,1.1829999999999998,1.0,0.385,0.154,0.909,1.0
0.5,0,0.7,0.5940000000000001,2.0,0.85,0.685,0.708,0.6080000000000001,0.629,0.2,0.48,0.259,0.5,0.77,0.0,0.545,0.8460000000000001,0.5,0,0.7,0.5940000000000001,2.0,0.85,0.685,0.708,0.6080000000000001,0.629,0.2,0.48,0.259,0.5,0.77,0.0,0.545,0.8460000000000001
0.0,0,0.7,0.614,0.8459999999999999,0.7,0.896,0.601,0.66,0.851,0.4,0.76,2.1340000000000003,1.0,0.77,0.0,0.636,1.0,0.0,0,0.7,0.614,0.8459999999999999,0.7,0.896,0.601,0.66,0.851,0.4,0.76,2.1340000000000003,1.0,0.77,0.0,0.636,1.0
0.5,0,0.1,0.21200000000000002,2.0,0.6,0.632,0.4,0.182,0.481,0.0,0.24,0.0,0.5,0.0,0.539,0.7270000000000001,0.6920000000000001,0.5,0,0.1,0.21200000000000002,2.0,0.6,0.632,0.4,0.182,0.481,0.0,0.24,0.0,0.5,0.0,0.539,0.7270000000000001,0.6920000000000001
0.0,0,0.7,0.883,2.0,0.45,0.685,0.637,0.553,0.851,0.4,0.64,5.060000000000001,0.875,0.77,0.0,0.8180000000000001,0.8460000000000001,0.0,0,0.7,0.883,2.0,0.45,0.685,0.637,0.553,0.851,0.4,0.64,5.060000000000001,0.875,0.77,0.0,0.8180000000000001,0.8460000000000001
0.0,0,0.7,0.788,2.0,0.45,0.843,0.675,0.446,0.851,0.4,0.72,0.22799999999999998,0.5,0.77,0.308,0.8180000000000001,1.0,0.0,0,0.7,0.788,2.0,0.45,0.843,0.675,0.446,0.851,0.4,0.72,0.22799999999999998,0.5,0.77,0.308,0.8180000000000001,1.0
0.0,0,0.7,0.703,2.0,0.6,0.843,0.675,0.446,0.851,0.6000000000000001,0.64,1.081,0.875,0.385,0.0,1.0,1.0,0.0,0,0.7,0.703,2.0,0.6,0.843,0.675,0.446,0.851,0.6000000000000001,0.64,1.081,0.875,0.385,0.0,1.0,1.0
0.0,0,0.7,0.252,2.0,0.85,0.0,0.581,0.292,0.37,0.2,0.24,0.518,0.625,0.385,0.0,0.636,0.8460000000000001,0.0,0,0.7,0.252,2.0,0.85,0.0,0.581,0.292,0.37,0.2,0.24,0.518,0.625,0.385,0.0,0.636,0.8460000000000001
0.5,0,0.7,0.668,2.0,0.6,0.685,0.5630000000000001,0.553,0.851,0.6000000000000001,0.56,4.336000000000001,0.5,0.385,0.0,0.545,1.0,0.5,0,0.7,0.668,2.0,0.6,0.685,0.5630000000000001,0.553,0.851,0.6000000000000001,0.56,4.336000000000001,0.5,0.385,0.0,0.545,1.0
0.0,0,0.7,0.089,0.405,0.2,0.685,0.474,0.446,0.851,0.6000000000000001,0.84,0.4790000000000001,1.0,0.231,0.46199999999999997,0.7270000000000001,1.0,0.0,0,0.7,0.089,0.405,0.2,0.685,0.474,0.446,0.851,0.6000000000000001,0.84,0.4790000000000001,1.0,0.231,0.46199999999999997,0.7270000000000001,1.0
0.5,0,0.7,0.28500000000000003,0.0,0.7,0.0,0.034,0.534,0.481,0.0,0.0,0.518,0.0,0.0,0.0,0.7270000000000001,0.8460000000000001,0.5,0,0.7,0.28500000000000003,0.0,0.7,0.0,0.034,0.534,0.481,0.0,0.0,0.518,0.0,0.0,0.0,0.7270000000000001,0.8460000000000001
0.0,0,0.7,0.551,0.5730000000000001,0.45,0.632,0.508,0.446,0.851,0.4,0.64,0.7749999999999999,1.0,0.385,0.0,0.636,0.308,0.0,0,0.7,0.551,0.5730000000000001,0.45,0.632,0.508,0.446,0.851,0.4,0.64,0.7749999999999999,1.0,0.385,0.0,0.636,0.308
0.0,0,0.1,0.188,0.5940000000000001,0.45,0.632,0.508,0.446,0.851,0.4,0.08,1.2679999999999998,0.5,0.385,0.0,0.7270000000000001,0.8460000000000001,0.0,0,0.1,0.188,0.5940000000000001,0.45,0.632,0.508,0.446,0.851,0.4,0.08,1.2679999999999998,0.5,0.385,0.0,0.7270000000000001,0.8460000000000001
0.0,0,0.0,0.0,0.0,0.0,0.0,0.0,0.0,0.0,0.0,0.08,0.0,0.0,0.0,0.0,0.0,0.0,0.0,0,0.0,0.0,0.0,0.0,0.0,0.0,0.0,0.0,0.0,0.08,0.0,0.0,0.0,0.0,0.0,0.0
0.0,0,0.0,0.0,0.0,0.0,0.0,0.0,0.0,0.0,0.0,0.08,0.0,0.0,0.0,0.0,0.0,0.0,0.0,0,0.0,0.0,0.0,0.0,0.0,0.0,0.0,0.0,0.0,0.08,0.0,0.0,0.0,0.0,0.0,0.0
0.0,0,0.0,0.0,0.0,0.0,0.0,0.0,0.0,0.0,0.0,0.0,0.0,0.0,0.0,0.0,0.0,0.0,0.0,0,0.0,0.0,0.0,0.0,0.0,0.0,0.0,0.0,0.0,0.0,0.0,0.0,0.0,0.0,0.0,0.0
0.0,0,0.7,0.22699999999999998,0.562,0.65,0.632,0.33399999999999996,0.534,0.592,0.4,0.24,0.665,0.5,0.0,0.0,0.545,0.308,0.0,0,0.7,0.22699999999999998,0.562,0.65,0.632,0.33399999999999996,0.534,0.592,0.4,0.24,0.665,0.5,0.0,0.0,0.545,0.308
0.5,0,0.7,0.23399999999999999,0.537,0.4,0.632,0.26,0.264,0.0,0.2,0.4,1.5249999999999997,0.875,0.385,0.154,0.182,0.538,0.5,0,0.7,0.23399999999999999,0.537,0.4,0.632,0.26,0.264,0.0,0.2,0.4,1.5249999999999997,0.875,0.385,0.154,0.182,0.538
0.5,0,0.1,0.257,0.032,0.0,0.211,0.0,0.0,0.0,0.0,0.4,0.083,1.0,0.0,0.308,0.545,0.538,0.5,0,0.1,0.257,0.032,0.0,0.211,0.0,0.0,0.0,0.0,0.4,0.083,1.0,0.0,0.308,0.545,0.538
0.0,0,0.0,0.0,0.0,0.0,0.0,0.0,0.0,0.0,0.0,0.0,0.0,0.0,0.0,0.0,0.0,0.0,0.0,0,0.0,0.0,0.0,0.0,0.0,0.0,0.0,0.0,0.0,0.0,0.0,0.0,0.0,0.0,0.0,0.0
0.0,0,0.7,0.39300000000000007,2.0,0.35,0.632,0.529,0.27,0.629,0.2,0.64,0.0,0.625,0.385,0.0,0.7270000000000001,0.308,0.0,0,0.7,0.39300000000000007,2.0,0.35,0.632,0.529,0.27,0.629,0.2,0.64,0.0,0.625,0.385,0.0,0.7270000000000001,0.308
0.0,0,0.1,0.151,2.0,0.4,0.0,0.43400000000000005,0.264,0.481,0.0,0.16,0.0,0.0,0.0,0.0,0.545,0.308,0.0,0,0.1,0.151,2.0,0.4,0.0,0.43400000000000005,0.264,0.481,0.0,0.16,0.0,0.0,0.0,0.0,0.545,0.308
0.0,0,0.0,0.0,0.0,0.0,0.0,0.0,0.0,0.0,0.0,0.0,0.0,0.0,0.0,0.0,0.0,0.0,0.0,0,0.0,0.0,0.0,0.0,0.0,0.0,0.0,0.0,0.0,0.0,0.0,0.0,0.0,0.0,0.0,0.0
0.0,0,0.0,0.0,0.0,0.0,0.0,0.0,0.0,0.0,0.0,0.0,0.0,0.0,0.0,0.0,0.0,0.0,0.0,0,0.0,0.0,0.0,0.0,0.0,0.0,0.0,0.0,0.0,0.0,0.0,0.0,0.0,0.0,0.0,0.0
0.0,0,0.0,0.0,0.0,0.0,0.0,0.0,0.0,0.0,0.0,0.0,0.0,0.0,0.0,0.0,0.0,0.0,0.0,0,0.0,0.0,0.0,0.0,0.0,0.0,0.0,0.0,0.0,0.0,0.0,0.0,0.0,0.0,0.0,0.0
0.0,0,0.0,0.0,0.0,0.0,0.0,0.0,0.0,0.0,0.0,0.0,0.0,0.0,0.0,0.0,0.0,0.0,0.0,0,0.0,0.0,0.0,0.0,0.0,0.0,0.0,0.0,0.0,0.0,0.0,0.0,0.0,0.0,0.0,0.0
0.0,0,0.1,0.316,2.0,0.4,0.0,0.26,0.446,0.37,0.2,0.56,0.0,0.125,0.0,0.0,0.545,0.308,0.0,0,0.1,0.316,2.0,0.4,0.0,0.26,0.446,0.37,0.2,0.56,0.0,0.125,0.0,0.0,0.545,0.308
0.0,0,0.0,0.0,0.0,0.0,0.0,0.0,0.0,0.0,0.0,0.0,0.0,0.0,0.0,0.0,0.0,0.0,0.0,0,0.0,0.0,0.0,0.0,0.0,0.0,0.0,0.0,0.0,0.0,0.0,0.0,0.0,0.0,0.0,0.0
0.0,0,0.0,0.0,0.0,0.0,0.0,0.0,0.0,0.0,0.0,0.0,0.0,0.0,0.0,0.0,0.0,0.0,0.0,0,0.0,0.0,0.0,0.0,0.0,0.0,0.0,0.0,0.0,0.0,0.0,0.0,0.0,0.0,0.0,0.0
0.0,0,0.0,0.0,0.0,0.0,0.0,0.0,0.0,0.0,0.0,0.0,0.0,0.0,0.0,0.0,0.0,0.0,0.0,0,0.0,0.0,0.0,0.0,0.0,0.0,0.0,0.0,0.0,0.0,0.0,0.0,0.0,0.0,0.0,0.0
0.0,0,0.0,0.0,0.0,0.0,0.0,0.0,0.0,0.0,0.0,0.0,0.0,0.0,0.0,0.0,0.0,0.0,0.0,0,0.0,0.0,0.0,0.0,0.0,0.0,0.0,0.0,0.0,0.0,0.0,0.0,0.0,0.0,0.0,0.0
0.0,0,0.0,0.0,0.0,0.0,0.0,0.0,0.0,0.0,0.0,0.0,0.0,0.0,0.0,0.0,0.0,0.0,0.0,0,0.0,0.0,0.0,0.0,0.0,0.0,0.0,0.0,0.0,0.0,0.0,0.0,0.0,0.0,0.0,0.0
0.0,0,0.0,0.0,0.0,0.0,0.0,0.0,0.0,0.0,0.0,0.0,0.0,0.0,0.0,0.0,0.0,0.0,0.0,0,0.0,0.0,0.0,0.0,0.0,0.0,0.0,0.0,0.0,0.0,0.0,0.0,0.0,0.0,0.0,0.0
0.0,0,0.0,0.0,0.0,0.0,0.0,0.0,0.0,0.0,0.0,0.0,0.0,0.0,0.0,0.0,0.0,0.0,0.0,0,0.0,0.0,0.0,0.0,0.0,0.0,0.0,0.0,0.0,0.0,0.0,0.0,0.0,0.0,0.0,0.0
0.0,0,0.7,0.347,2.0,0.45,0.685,0.331,0.534,0.592,0.2,0.64,0.259,0.875,0.385,0.0,0.909,0.308,0.0,0,0.7,0.347,2.0,0.45,0.685,0.331,0.534,0.592,0.2,0.64,0.259,0.875,0.385,0.0,0.909,0.308
0.0,0,0.7,0.824,2.0,0.85,0.896,0.406,0.765,0.851,0.8,0.72,2.882,1.0,1.0010000000000001,0.847,1.0,0.8460000000000001,0.0,0,0.7,0.824,2.0,0.85,0.896,0.406,0.765,0.851,0.8,0.72,2.882,1.0,1.0010000000000001,0.847,1.0,0.8460000000000001
0.0,0,0.0,0.0,0.0,0.0,0.0,0.0,0.0,0.0,0.2,0.0,0.0,0.0,0.0,0.0,0.0,0.0,0.0,0,0.0,0.0,0.0,0.0,0.0,0.0,0.0,0.0,0.2,0.0,0.0,0.0,0.0,0.0,0.0,0.0
0.0,0,0.7,0.622,2.0,0.0,0.632,0.4,0.46199999999999997,0.222,0.2,0.76,0.259,0.125,0.385,0.0,0.7270000000000001,1.0,0.0,0,0.7,0.622,2.0,0.0,0.632,0.4,0.46199999999999997,0.222,0.2,0.76,0.259,0.125,0.385,0.0,0.7270000000000001,1.0
0.0,0,0.6,0.682,2.0,0.45,0.843,0.75,0.446,0.851,0.6000000000000001,0.64,4.572000000000002,0.875,1.0010000000000001,0.0,0.7270000000000001,0.6920000000000001,0.0,0,0.6,0.682,2.0,0.45,0.843,0.75,0.446,0.851,0.6000000000000001,0.64,4.572000000000002,0.875,1.0010000000000001,0.0,0.7270000000000001,0.6920000000000001
0.0,0,0.0,0.0,0.0,0.0,0.0,0.0,0.0,0.0,0.0,0.0,0.0,0.0,0.0,0.0,0.0,0.0,0.0,0,0.0,0.0,0.0,0.0,0.0,0.0,0.0,0.0,0.0,0.0,0.0,0.0,0.0,0.0,0.0,0.0
0.0,0,0.0,0.0,0.0,0.0,0.0,0.0,0.0,0.0,0.0,0.0,0.0,0.0,0.0,0.0,0.0,0.0,0.0,0,0.0,0.0,0.0,0.0,0.0,0.0,0.0,0.0,0.0,0.0,0.0,0.0,0.0,0.0,0.0,0.0
0.0,0,0.7,0.252,2.0,0.85,0.0,0.581,0.292,0.37,0.2,0.24,0.518,0.625,0.385,0.0,0.636,0.8460000000000001,0.0,0,0.7,0.252,2.0,0.85,0.0,0.581,0.292,0.37,0.2,0.24,0.518,0.625,0.385,0.0,0.636,0.8460000000000001
0.5,0,0.1,0.46399999999999997,2.0,1.0,0.632,0.26,0.264,0.222,0.0,0.0,0.24,1.0,0.0,0.0,0.545,1.0,0.5,0,0.1,0.46399999999999997,2.0,1.0,0.632,0.26,0.264,0.222,0.0,0.0,0.24,1.0,0.0,0.0,0.545,1.0
0.0,0,0.6,0.534,2.0,0.45,0.843,0.603,0.446,0.851,0.4,0.56,0.6459999999999999,0.875,0.385,0.0,0.182,0.538,0.0,0,0.6,0.534,2.0,0.45,0.843,0.603,0.446,0.851,0.4,0.56,0.6459999999999999,0.875,0.385,0.0,0.182,0.538
0.0,0,0.0,0.0,0.0,0.0,0.0,0.0,0.0,0.0,0.0,0.0,0.0,0.0,0.0,0.0,0.0,0.0,0.0,0,0.0,0.0,0.0,0.0,0.0,0.0,0.0,0.0,0.0,0.0,0.0,0.0,0.0,0.0,0.0,0.0
0.5,0,0.1,0.28500000000000003,2.0,0.85,0.0,0.508,0.264,0.259,0.0,0.24,0.7769999999999999,0.375,0.385,0.0,0.7270000000000001,0.538,0.5,0,0.1,0.28500000000000003,2.0,0.85,0.0,0.508,0.264,0.259,0.0,0.24,0.7769999999999999,0.375,0.385,0.0,0.7270000000000001,0.538
0.5,0,0.7,0.532,2.0,0.6,0.843,0.33799999999999997,0.446,0.444,0.0,0.64,0.7989999999999999,0.875,0.385,0.0,0.545,0.6920000000000001,0.5,0,0.7,0.532,2.0,0.6,0.843,0.33799999999999997,0.446,0.444,0.0,0.64,0.7989999999999999,0.875,0.385,0.0,0.545,0.6920000000000001
0.5,0,0.0,0.0,0.0,0.0,0.0,0.0,0.0,0.0,0.0,0.0,0.602,0.0,0.0,0.0,0.0,0.0,0.5,0,0.0,0.0,0.0,0.0,0.0,0.0,0.0,0.0,0.0,0.0,0.602,0.0,0.0,0.0,0.0,0.0
0.0,0,0.0,0.0,0.0,0.0,0.0,0.0,0.0,0.0,0.0,0.0,0.0,0.0,0.0,0.0,0.0,0.0,0.0,0,0.0,0.0,0.0,0.0,0.0,0.0,0.0,0.0,0.0,0.0,0.0,0.0,0.0,0.0,0.0,0.0
0.5,0,0.7,0.20500000000000002,2.0,0.6,0.632,0.355,0.182,0.481,0.2,0.0,0.475,1.0,0.0,0.0,0.182,0.538,0.5,0,0.7,0.20500000000000002,2.0,0.6,0.632,0.355,0.182,0.481,0.2,0.0,0.475,1.0,0.0,0.0,0.182,0.538
0.0,0,0.0,0.0,0.0,0.0,0.0,0.0,0.0,0.0,0.0,0.0,0.0,0.0,0.0,0.0,0.0,0.0,0.0,0,0.0,0.0,0.0,0.0,0.0,0.0,0.0,0.0,0.0,0.0,0.0,0.0,0.0,0.0,0.0,0.0
0.0,0,0.0,0.0,0.0,0.0,0.0,0.0,0.0,0.0,0.0,0.0,0.0,0.0,0.0,0.0,0.0,0.0,0.0,0,0.0,0.0,0.0,0.0,0.0,0.0,0.0,0.0,0.0,0.0,0.0,0.0,0.0,0.0,0.0,0.0
0.0,0,0.0,0.0,0.0,0.0,0.0,0.0,0.0,0.0,0.0,0.0,0.0,0.0,0.0,0.0,0.0,0.0,0.0,0,0.0,0.0,0.0,0.0,0.0,0.0,0.0,0.0,0.0,0.0,0.0,0.0,0.0,0.0,0.0,0.0
0.0,0,0.0,0.0,0.0,0.0,0.0,0.0,0.0,0.0,0.2,0.0,0.0,0.0,0.0,0.0,0.0,0.0,0.0,0,0.0,0.0,0.0,0.0,0.0,0.0,0.0,0.0,0.2,0.0,0.0,0.0,0.0,0.0,0.0,0.0
0.0,0,0.7,0.48200000000000004,0.682,0.85,0.843,0.4,0.534,0.851,0.0,0.48,0.0,0.5,0.385,0.0,1.0,0.6920000000000001,0.0,0,0.7,0.48200000000000004,0.682,0.85,0.843,0.4,0.534,0.851,0.0,0.48,0.0,0.5,0.385,0.0,1.0,0.6920000000000001
0.0,0,0.0,0.0,0.0,0.0,0.0,0.0,0.0,0.0,0.0,0.0,0.0,0.0,0.0,0.0,0.0,0.0,0.0,0,0.0,0.0,0.0,0.0,0.0,0.0,0.0,0.0,0.0,0.0,0.0,0.0,0.0,0.0,0.0,0.0
0.5,0,0.1,0.134,0.249,0.4,0.632,0.579,0.534,0.481,0.0,0.4,0.715,1.0,0.77,0.231,0.7270000000000001,0.538,0.5,0,0.1,0.134,0.249,0.4,0.632,0.579,0.534,0.481,0.0,0.4,0.715,1.0,0.77,0.231,0.7270000000000001,0.538
0.0,0,0.0,0.184,0.0,0.0,0.632,0.26,0.212,0.0,0.2,0.48,0.0,1.0,0.0,0.46199999999999997,0.545,0.308,0.0,0,0.0,0.184,0.0,0.0,0.632,0.26,0.212,0.0,0.2,0.48,0.0,1.0,0.0,0.46199999999999997,0.545,0.308
0.0,0,0.7,0.195,0.0,0.2,0.632,0.4,0.553,0.851,0.6000000000000001,0.56,0.0,1.0,0.385,0.0,0.182,0.308,0.0,0,0.7,0.195,0.0,0.2,0.632,0.4,0.553,0.851,0.6000000000000001,0.56,0.0,1.0,0.385,0.0,0.182,0.308
0.0,0,0.7,0.661,2.0,0.85,0.632,0.508,0.534,0.629,0.0,0.36,0.7769999999999999,0.5,0.77,0.154,0.909,0.6920000000000001,0.0,0,0.7,0.661,2.0,0.85,0.632,0.508,0.534,0.629,0.0,0.36,0.7769999999999999,0.5,0.77,0.154,0.909,0.6920000000000001
0.0,0,0.0,0.035,2.0,0.25,0.632,0.074,0.212,0.296,0.0,0.08,0.0,0.0,0.0,0.154,0.545,0.8460000000000001,0.0,0,0.0,0.035,2.0,0.25,0.632,0.074,0.212,0.296,0.0,0.08,0.0,0.0,0.0,0.154,0.545,0.8460000000000001
0.0,0,0.0,0.0,0.0,0.0,0.0,0.0,0.0,0.0,0.0,0.0,0.0,0.0,0.0,0.0,0.0,0.0,0.0,0,0.0,0.0,0.0,0.0,0.0,0.0,0.0,0.0,0.0,0.0,0.0,0.0,0.0,0.0,0.0,0.0
